turboFFT, 1, 0,    0.003,    0.004,    0.023
turboFFT, 1, 1,    0.002,    0.009,    0.056
turboFFT, 1, 2,    0.002,    0.018,    0.113
turboFFT, 1, 3,    0.002,    0.035,    0.224
turboFFT, 1, 4,    0.002,    0.068,    0.438
turboFFT, 1, 5,    0.002,    0.140,    0.894
turboFFT, 1, 6,    0.002,    0.277,    1.773
turboFFT, 1, 7,    0.013,    0.095,    0.610
turboFFT, 1, 8,    0.012,    0.207,    1.323
turboFFT, 1, 9,    0.012,    0.415,    2.655
turboFFT, 1, 10,    0.013,    0.811,    5.189
turboFFT, 1, 11,    0.012,    1.656,   10.598
turboFFT, 1, 12,    0.013,    3.264,   20.893
turboFFT, 1, 13,    0.012,    6.827,   43.691
turboFFT, 1, 14,    0.012,   13.808,   88.371
turboFFT, 1, 15,    0.014,   22.934,  146.777
turboFFT, 1, 16,    0.015,   44.834,  286.935
turboFFT, 1, 17,    0.015,   88.086,  563.750
turboFFT, 1, 18,    0.018,  142.867,  914.349
turboFFT, 1, 19,    0.037,  141.314,  904.413
turboFFT, 1, 20,    0.069,  152.070,  973.247
turboFFT, 1, 21,    0.127,  164.576, 1053.290
turboFFT, 1, 22,    0.243,  172.955, 1106.910
turboFFT, 1, 23,    0.477,  175.847, 1125.421
turboFFT, 1, 24,    0.937,  179.112, 1146.317
turboFFT, 1, 25,    1.863,  180.086, 1152.551
turboFFT, 1, 26,    3.714,  180.682, 1156.362
turboFFT, 1, 27,    7.425,  180.773, 1156.949
turboFFT, 2, 0,    0.002,    0.018,    0.056
turboFFT, 2, 1,    0.002,    0.042,    0.133
turboFFT, 2, 2,    0.002,    0.078,    0.250
turboFFT, 2, 3,    0.002,    0.145,    0.464
turboFFT, 2, 4,    0.003,    0.207,    0.662
turboFFT, 2, 5,    0.002,    0.523,    1.673
turboFFT, 2, 6,    0.002,    1.044,    3.342
turboFFT, 2, 7,    0.017,    0.303,    0.968
turboFFT, 2, 8,    0.016,    0.623,    1.994
turboFFT, 2, 9,    0.018,    1.130,    3.615
turboFFT, 2, 10,    0.017,    2.397,    7.672
turboFFT, 2, 11,    0.018,    4.561,   14.595
turboFFT, 2, 12,    0.017,    9.474,   30.318
turboFFT, 2, 13,    0.017,   19.405,   62.096
turboFFT, 2, 14,    0.017,   38.124,  121.996
turboFFT, 2, 15,    0.018,   72.380,  231.617
turboFFT, 2, 16,    0.024,  107.113,  342.762
turboFFT, 2, 17,    0.034,  155.505,  497.616
turboFFT, 2, 18,    0.061,  170.596,  545.906
turboFFT, 2, 19,    0.100,  210.706,  674.260
turboFFT, 2, 20,    0.186,  225.733,  722.346
turboFFT, 2, 21,    0.348,  241.216,  771.891
turboFFT, 2, 22,    0.676,  248.131,  794.019
turboFFT, 2, 23,    1.331,  252.013,  806.442
turboFFT, 2, 24,    2.645,  253.681,  811.778
turboFFT, 2, 25,    3.663,  366.383, 1172.424
turboFFT, 2, 26,    7.310,  367.202, 1175.045
turboFFT, 3, 0,    0.006,    0.021,    0.044
turboFFT, 3, 1,    0.003,    0.079,    0.168
turboFFT, 3, 2,    0.003,    0.158,    0.337
turboFFT, 3, 3,    0.003,    0.323,    0.690
turboFFT, 3, 4,    0.004,    0.433,    0.924
turboFFT, 3, 5,    0.004,    0.863,    1.842
turboFFT, 3, 6,    0.015,    0.510,    1.087
turboFFT, 3, 7,    0.017,    0.918,    1.959
turboFFT, 3, 8,    0.017,    1.759,    3.752
turboFFT, 3, 9,    0.018,    3.347,    7.140
turboFFT, 3, 10,    0.021,    5.837,   12.452
turboFFT, 3, 11,    0.018,   13.434,   28.658
turboFFT, 3, 12,    0.020,   24.651,   52.589
turboFFT, 3, 13,    0.016,   59.732,  127.428
turboFFT, 3, 14,    0.018,  109.871,  234.392
turboFFT, 3, 15,    0.019,  201.740,  430.379
turboFFT, 3, 16,    0.028,  280.388,  598.161
turboFFT, 3, 17,    0.044,  355.068,  757.477
turboFFT, 3, 18,    0.076,  415.662,  886.745
turboFFT, 3, 19,    0.131,  478.831, 1021.506
turboFFT, 3, 20,    0.238,  528.197, 1126.820
turboFFT, 3, 21,    0.458,  549.741, 1172.781
turboFFT, 3, 22,    0.916,  549.555, 1172.383
turboFFT, 3, 23,    1.783,  564.640, 1204.565
turboFFT, 3, 24,    3.553,  566.609, 1208.766
turboFFT, 3, 25,    7.066,  569.836, 1215.651
turboFFT, 4, 0,    0.004,    0.079,    0.126
turboFFT, 4, 1,    0.002,    0.357,    0.570
turboFFT, 4, 2,    0.002,    0.708,    1.133
turboFFT, 4, 3,    0.002,    1.493,    2.388
turboFFT, 4, 4,    0.002,    2.092,    3.346
turboFFT, 4, 5,    0.002,    6.038,    9.660
turboFFT, 4, 6,    0.014,    1.484,    2.374
turboFFT, 4, 7,    0.013,    3.156,    5.049
turboFFT, 4, 8,    0.013,    6.431,   10.289
turboFFT, 4, 9,    0.014,   11.816,   18.906
turboFFT, 4, 10,    0.015,   21.797,   34.874
turboFFT, 4, 11,    0.016,   39.868,   63.788
turboFFT, 4, 12,    0.017,   77.429,  123.887
turboFFT, 4, 13,    0.015,  169.256,  270.810
turboFFT, 4, 14,    0.017,  305.501,  488.801
turboFFT, 4, 15,    0.022,  474.074,  758.518
turboFFT, 4, 16,    0.043,  490.686,  785.097
turboFFT, 4, 17,    0.074,  564.163,  902.661
turboFFT, 4, 18,    0.128,  653.432, 1045.492
turboFFT, 4, 19,    0.240,  699.881, 1119.810
turboFFT, 4, 20,    0.458,  732.036, 1171.258
turboFFT, 4, 21,    0.900,  745.739, 1193.182
turboFFT, 4, 22,    1.789,  750.319, 1200.510
turboFFT, 4, 23,    3.563,  753.337, 1205.340
turboFFT, 4, 24,    7.119,  754.096, 1206.553
turboFFT, 5, 0,    0.003,    0.317,    0.406
turboFFT, 5, 1,    0.002,    0.936,    1.199
turboFFT, 5, 2,    0.002,    1.368,    1.751
turboFFT, 5, 3,    0.002,    3.724,    4.767
turboFFT, 5, 4,    0.002,    7.576,    9.697
turboFFT, 5, 5,    0.015,    1.709,    2.187
turboFFT, 5, 6,    0.015,    3.434,    4.396
turboFFT, 5, 7,    0.015,    6.852,    8.771
turboFFT, 5, 8,    0.016,   12.826,   16.417
turboFFT, 5, 9,    0.015,   27.240,   34.867
turboFFT, 5, 10,    0.015,   55.101,   70.529
turboFFT, 5, 11,    0.015,  109.168,  139.736
turboFFT, 5, 12,    0.016,  200.548,  256.702
turboFFT, 5, 13,    0.017,  385.325,  493.215
turboFFT, 5, 14,    0.021,  623.820,  798.489
turboFFT, 5, 15,    0.037,  713.651,  913.473
turboFFT, 5, 16,    0.069,  763.253,  976.964
turboFFT, 5, 17,    0.121,  867.245, 1110.074
turboFFT, 5, 18,    0.223,  939.059, 1201.996
turboFFT, 5, 19,    0.433,  968.937, 1240.240
turboFFT, 5, 20,    0.847,  990.696, 1268.090
turboFFT, 5, 21,    1.677, 1000.683, 1280.875
turboFFT, 5, 22,    3.340, 1004.620, 1285.913
turboFFT, 5, 23,    6.667, 1006.513, 1288.337
turboFFT, 6, 0,    0.003,    0.741,    0.790
turboFFT, 6, 1,    0.002,    1.619,    1.727
turboFFT, 6, 2,    0.016,    0.488,    0.521
turboFFT, 6, 3,    0.015,    1.024,    1.092
turboFFT, 6, 4,    0.016,    1.957,    2.088
turboFFT, 6, 5,    0.016,    3.779,    4.031
turboFFT, 6, 6,    0.016,    7.487,    7.986
turboFFT, 6, 7,    0.015,   16.121,   17.196
turboFFT, 6, 8,    0.015,   33.218,   35.433
turboFFT, 6, 9,    0.016,   59.708,   63.689
turboFFT, 6, 10,    0.018,  110.384,  117.743
turboFFT, 6, 11,    0.019,  209.478,  223.444
turboFFT, 6, 12,    0.024,  323.241,  344.790
turboFFT, 6, 13,    0.031,  511.467,  545.565
turboFFT, 6, 14,    0.053,  591.729,  631.178
turboFFT, 6, 15,    0.091,  694.115,  740.389
turboFFT, 6, 16,    0.166,  758.958,  809.555
turboFFT, 6, 17,    0.317,  794.849,  847.839
turboFFT, 6, 18,    0.613,  821.386,  876.145
turboFFT, 6, 19,    1.206,  834.506,  890.140
turboFFT, 6, 20,    2.396,  840.129,  896.137
turboFFT, 6, 21,    4.816,  836.161,  891.905
turboFFT, 6, 22,    9.837,  818.676,  873.255
turboFFT, 7, 0,    0.004,    1.085,    0.992
turboFFT, 7, 1,    0.003,    3.182,    2.909
turboFFT, 7, 2,    0.016,    1.142,    1.044
turboFFT, 7, 3,    0.016,    2.299,    2.102
turboFFT, 7, 4,    0.015,    4.747,    4.340
turboFFT, 7, 5,    0.015,    9.268,    8.473
turboFFT, 7, 6,    0.016,   18.130,   16.576
turboFFT, 7, 7,    0.016,   36.639,   33.498
turboFFT, 7, 8,    0.016,   72.846,   66.602
turboFFT, 7, 9,    0.017,  136.637,  124.926
turboFFT, 7, 10,    0.016,  285.919,  261.412
turboFFT, 7, 11,    0.021,  439.755,  402.061
turboFFT, 7, 12,    0.025,  721.580,  659.731
turboFFT, 7, 13,    0.041,  897.121,  820.225
turboFFT, 7, 14,    0.069, 1063.304,  972.164
turboFFT, 7, 15,    0.123, 1195.258, 1092.807
turboFFT, 7, 16,    0.222, 1320.131, 1206.977
turboFFT, 7, 17,    0.431, 1362.323, 1245.552
turboFFT, 7, 18,    0.844, 1391.665, 1272.380
turboFFT, 7, 19,    1.677, 1400.729, 1280.667
turboFFT, 7, 20,    3.342, 1405.595, 1285.116
turboFFT, 7, 21,    6.903, 1360.985, 1244.329
turboFFT, 8, 0,    0.002,    5.237,    4.190
turboFFT, 8, 1,    0.002,   12.214,    9.771
turboFFT, 8, 2,    0.020,    2.040,    1.632
turboFFT, 8, 3,    0.021,    3.925,    3.140
turboFFT, 8, 4,    0.021,    7.780,    6.224
turboFFT, 8, 5,    0.024,   13.463,   10.770
turboFFT, 8, 6,    0.023,   28.563,   22.851
turboFFT, 8, 7,    0.022,   59.388,   47.511
turboFFT, 8, 8,    0.023,  114.830,   91.864
turboFFT, 8, 9,    0.021,  244.428,  195.542
turboFFT, 8, 10,    0.024,  437.841,  350.273
turboFFT, 8, 11,    0.032,  648.422,  518.737
turboFFT, 8, 12,    0.049,  860.335,  688.268
turboFFT, 8, 13,    0.077, 1095.050,  876.040
turboFFT, 8, 14,    0.134, 1249.048,  999.239
turboFFT, 8, 15,    0.240, 1397.021, 1117.617
turboFFT, 8, 16,    0.452, 1483.124, 1186.499
turboFFT, 8, 17,    0.882, 1522.168, 1217.734
turboFFT, 8, 18,    1.735, 1547.245, 1237.796
turboFFT, 8, 19,    3.463, 1550.172, 1240.137
turboFFT, 8, 20,    7.061, 1520.698, 1216.558
turboFFT, 9, 0,    0.002,    9.904,    7.043
turboFFT, 9, 1,    0.002,   25.487,   18.124
turboFFT, 9, 2,    0.016,    5.599,    3.981
turboFFT, 9, 3,    0.017,   10.909,    7.758
turboFFT, 9, 4,    0.018,   20.379,   14.491
turboFFT, 9, 5,    0.017,   44.028,   31.309
turboFFT, 9, 6,    0.016,   90.018,   64.013
turboFFT, 9, 7,    0.018,  161.034,  114.513
turboFFT, 9, 8,    0.018,  325.424,  231.412
turboFFT, 9, 9,    0.020,  590.296,  419.766
turboFFT, 9, 10,    0.025,  925.882,  658.405
turboFFT, 9, 11,    0.037, 1261.817,  897.292
turboFFT, 9, 12,    0.066, 1420.578, 1010.189
turboFFT, 9, 13,    0.119, 1589.008, 1129.962
turboFFT, 9, 14,    0.223, 1694.118, 1204.706
turboFFT, 9, 15,    0.431, 1751.675, 1245.635
turboFFT, 9, 16,    0.840, 1797.655, 1278.332
turboFFT, 9, 17,    1.666, 1813.079, 1289.300
turboFFT, 9, 18,    3.314, 1822.700, 1296.142
turboFFT, 9, 19,    6.612, 1826.963, 1299.173
turboFFT, 10, 0,    0.002,   25.237,   16.151
turboFFT, 10, 1,    0.002,   50.078,   32.050
turboFFT, 10, 2,    0.020,   10.294,    6.588
turboFFT, 10, 3,    0.021,   19.280,   12.339
turboFFT, 10, 4,    0.021,   39.066,   25.002
turboFFT, 10, 5,    0.021,   77.517,   49.611
turboFFT, 10, 6,    0.020,  159.975,  102.384
turboFFT, 10, 7,    0.021,  308.573,  197.487
turboFFT, 10, 8,    0.022,  586.064,  375.081
turboFFT, 10, 9,    0.028,  931.862,  596.392
turboFFT, 10, 10,    0.042, 1253.174,  802.031
turboFFT, 10, 11,    0.071, 1484.192,  949.883
turboFFT, 10, 12,    0.121, 1731.421, 1108.109
turboFFT, 10, 13,    0.225, 1866.298, 1194.431
turboFFT, 10, 14,    0.435, 1929.104, 1234.627
turboFFT, 10, 15,    0.845, 1985.203, 1270.530
turboFFT, 10, 16,    1.677, 2001.363, 1280.872
turboFFT, 10, 17,    3.327, 2017.092, 1290.939
turboFFT, 10, 18,    6.648, 2019.027, 1292.177
turboFFT, 11, 0,    0.002,   60.585,   35.250
turboFFT, 11, 1,    0.002,  133.333,   77.576
turboFFT, 11, 2,    0.029,   15.289,    8.896
turboFFT, 11, 3,    0.030,   29.929,   17.413
turboFFT, 11, 4,    0.030,   59.642,   34.701
turboFFT, 11, 5,    0.031,  115.221,   67.038
turboFFT, 11, 6,    0.032,  227.832,  132.557
turboFFT, 11, 7,    0.032,  450.740,  262.249
turboFFT, 11, 8,    0.033,  884.926,  514.866
turboFFT, 11, 9,    0.061,  940.234,  547.045
turboFFT, 11, 10,    0.089, 1302.102,  757.587
turboFFT, 11, 11,    0.142, 1621.704,  943.537
turboFFT, 11, 12,    0.266, 1732.507, 1008.004
turboFFT, 11, 13,    0.510, 1809.149, 1052.596
turboFFT, 11, 14,    0.987, 1869.677, 1087.812
turboFFT, 11, 15,    1.947, 1895.330, 1102.738
turboFFT, 11, 16,    3.891, 1897.377, 1103.929
turboFFT, 11, 17,    8.073, 1828.719, 1063.982
turboFFT, 12, 0,    0.003,   92.419,   49.290
turboFFT, 12, 1,    0.002,  227.893,  121.543
turboFFT, 12, 2,    0.048,   20.688,   11.034
turboFFT, 12, 3,    0.048,   40.727,   21.721
turboFFT, 12, 4,    0.049,   79.493,   42.396
turboFFT, 12, 5,    0.049,  161.440,   86.101
turboFFT, 12, 6,    0.048,  327.920,  174.891
turboFFT, 12, 7,    0.049,  638.752,  340.668
turboFFT, 12, 8,    0.063,  997.251,  531.867
turboFFT, 12, 9,    0.114, 1102.155,  587.816
turboFFT, 12, 10,    0.173, 1457.922,  777.558
turboFFT, 12, 11,    0.315, 1596.768,  851.609
turboFFT, 12, 12,    0.584, 1722.299,  918.560
turboFFT, 12, 13,    1.126, 1788.438,  953.833
turboFFT, 12, 14,    2.210, 1821.878,  971.668
turboFFT, 12, 15,    4.364, 1845.271,  984.144
turboFFT, 12, 16,    8.779, 1834.656,  978.483
turboFFT, 13, 0,    0.002,  292.443,  143.972
turboFFT, 13, 1,    0.002,  616.296,  303.407
turboFFT, 13, 2,    0.091,   23.313,   11.477
turboFFT, 13, 3,    0.093,   45.941,   22.617
turboFFT, 13, 4,    0.095,   89.740,   44.180
turboFFT, 13, 5,    0.095,  179.722,   88.478
turboFFT, 13, 6,    0.094,  363.679,  179.042
turboFFT, 13, 7,    0.106,  642.549,  316.332
turboFFT, 13, 8,    0.141,  964.703,  474.931
turboFFT, 13, 9,    0.271, 1004.537,  494.541
turboFFT, 13, 10,    0.448, 1217.054,  599.165
turboFFT, 13, 11,    0.818, 1333.737,  656.609
turboFFT, 13, 12,    1.597, 1365.478,  672.235
turboFFT, 13, 13,    3.112, 1401.760,  690.097
turboFFT, 13, 14,    6.195, 1408.153,  693.245
turboFFT, 13, 15,   12.466, 1399.686,  689.076
turboFFT, 14, 0,    0.053,   21.779,    9.956
turboFFT, 14, 1,    0.052,   43.753,   20.001
turboFFT, 14, 2,    0.054,   84.573,   38.662
turboFFT, 14, 3,    0.059,  154.508,   70.632
turboFFT, 14, 4,    0.060,  308.235,  140.907
turboFFT, 14, 5,    0.057,  645.657,  295.157
turboFFT, 14, 6,    0.111,  662.553,  302.882
turboFFT, 14, 7,    0.169,  869.227,  397.361
turboFFT, 14, 8,    0.278, 1056.996,  483.198
turboFFT, 14, 9,    0.523, 1122.267,  513.036
turboFFT, 14, 10,    0.983, 1194.220,  545.929
turboFFT, 14, 11,    1.923, 1221.407,  558.357
turboFFT, 14, 12,    3.825, 1228.286,  561.502
turboFFT, 14, 13,    7.760, 1210.747,  553.484
turboFFT, 14, 14,   15.700, 1196.865,  547.138
turboFFT, 15, 0,    0.056,   43.928,   18.743
turboFFT, 15, 1,    0.055,   89.323,   38.111
turboFFT, 15, 2,    0.054,  180.951,   77.206
turboFFT, 15, 3,    0.055,  356.050,  151.915
turboFFT, 15, 4,    0.057,  688.365,  293.702
turboFFT, 15, 5,    0.112,  704.224,  300.469
turboFFT, 15, 6,    0.169,  930.627,  397.068
turboFFT, 15, 7,    0.278, 1130.828,  482.487
turboFFT, 15, 8,    0.520, 1208.817,  515.762
turboFFT, 15, 9,    0.988, 1274.168,  543.645
turboFFT, 15, 10,    1.942, 1295.942,  552.935
turboFFT, 15, 11,    3.842, 1310.165,  559.004
turboFFT, 15, 12,    7.774, 1294.913,  552.496
turboFFT, 15, 13,   15.742, 1278.949,  545.685
turboFFT, 16, 0,    0.053,   98.337,   39.335
turboFFT, 16, 1,    0.054,  195.373,   78.149
turboFFT, 16, 2,    0.054,  386.712,  154.685
turboFFT, 16, 3,    0.057,  732.942,  293.177
turboFFT, 16, 4,    0.112,  748.769,  299.508
turboFFT, 16, 5,    0.176,  953.338,  381.335
turboFFT, 16, 6,    0.293, 1147.025,  458.810
turboFFT, 16, 7,    0.541, 1240.228,  496.091
turboFFT, 16, 8,    1.027, 1307.109,  522.844
turboFFT, 16, 9,    2.009, 1335.912,  534.365
turboFFT, 16, 10,    3.954, 1357.852,  543.141
turboFFT, 16, 11,    7.996, 1342.808,  537.123
turboFFT, 16, 12,   16.126, 1331.679,  532.671
turboFFT, 17, 0,    0.076,  145.698,   54.851
turboFFT, 17, 1,    0.078,  285.881,  107.626
turboFFT, 17, 2,    0.076,  586.005,  220.614
turboFFT, 17, 3,    0.120,  745.744,  280.751
turboFFT, 17, 4,    0.194,  919.386,  346.122
turboFFT, 17, 5,    0.309, 1153.898,  434.409
turboFFT, 17, 6,    0.550, 1295.924,  487.877
turboFFT, 17, 7,    1.030, 1384.626,  521.271
turboFFT, 17, 8,    2.010, 1418.950,  534.193
turboFFT, 17, 9,    3.946, 1445.574,  544.216
turboFFT, 17, 10,    8.013, 1423.679,  535.973
turboFFT, 17, 11,   16.169, 1411.186,  531.270
turboFFT, 18, 0,    0.099,  237.495,   84.443
turboFFT, 18, 1,    0.105,  449.588,  159.854
turboFFT, 18, 2,    0.121,  779.778,  277.254
turboFFT, 18, 3,    0.223,  846.245,  300.887
turboFFT, 18, 4,    0.340, 1110.644,  394.896
turboFFT, 18, 5,    0.583, 1295.263,  460.538
turboFFT, 18, 6,    1.100, 1372.270,  487.918
turboFFT, 18, 7,    2.132, 1416.673,  503.706
turboFFT, 18, 8,    4.206, 1436.090,  510.610
turboFFT, 18, 9,    8.391, 1439.615,  511.863
turboFFT, 18, 10,   16.794, 1438.539,  511.480
turboFFT, 19, 0,    0.111,  449.499,  151.410
turboFFT, 19, 1,    0.137,  729.697,  245.793
turboFFT, 19, 2,    0.245,  814.027,  274.198
turboFFT, 19, 3,    0.367, 1085.024,  365.482
turboFFT, 19, 4,    0.640, 1245.595,  419.569
turboFFT, 19, 5,    1.217, 1309.404,  441.062
turboFFT, 19, 6,    2.353, 1354.873,  456.378
turboFFT, 19, 7,    4.616, 1381.285,  465.275
turboFFT, 19, 8,    9.196, 1386.586,  467.061
turboFFT, 19, 9,   18.315, 1392.354,  469.004
turboFFT, 20, 0,    0.130,  807.352,  258.353
turboFFT, 20, 1,    0.234,  894.641,  286.285
turboFFT, 20, 2,    0.361, 1162.821,  372.103
turboFFT, 20, 3,    0.621, 1351.745,  432.559
turboFFT, 20, 4,    1.181, 1421.139,  454.764
turboFFT, 20, 5,    2.294, 1462.816,  468.101
turboFFT, 20, 6,    4.521, 1484.314,  474.981
turboFFT, 20, 7,    9.057, 1481.995,  474.238
turboFFT, 20, 8,   18.163, 1477.961,  472.947
turboFFT, 21, 0,    0.248,  889.572,  271.107
turboFFT, 21, 1,    0.375, 1173.739,  357.711
turboFFT, 21, 2,    0.633, 1391.725,  424.145
turboFFT, 21, 3,    1.214, 1451.303,  442.302
turboFFT, 21, 4,    2.340, 1505.654,  458.866
turboFFT, 21, 5,    4.621, 1524.968,  464.752
turboFFT, 21, 6,    9.255, 1522.658,  464.048
turboFFT, 21, 7,   18.702, 1507.115,  459.311
turboFFT, 22, 0,    0.412, 1119.508,  325.675
turboFFT, 22, 1,    0.693, 1332.217,  387.554
turboFFT, 22, 2,    1.327, 1390.329,  404.459
turboFFT, 22, 3,    2.583, 1428.801,  415.651
turboFFT, 22, 4,    5.158, 1431.137,  416.331
turboFFT, 22, 5,   10.332, 1429.006,  415.711
turboFFT, 22, 6,   20.812, 1418.788,  412.738
turboFFT, 23, 0,    0.840, 1148.812,  319.670
turboFFT, 23, 1,    1.598, 1207.236,  335.927
turboFFT, 23, 2,    3.097, 1246.023,  346.719
turboFFT, 23, 3,    6.222, 1240.361,  345.144
turboFFT, 23, 4,   12.234, 1261.623,  351.060
turboFFT, 23, 5,   24.421, 1264.085,  351.745
turboFFT, 24, 0,    1.617, 1244.689,  331.917
turboFFT, 24, 1,    3.157, 1275.415,  340.111
turboFFT, 24, 2,    6.215, 1295.842,  345.558
turboFFT, 24, 3,   12.452, 1293.500,  344.934
turboFFT, 24, 4,   24.893, 1294.021,  345.072
turboFFT, 25, 0,    3.055, 1372.906,  351.464
turboFFT, 25, 1,    6.125, 1369.626,  350.624
turboFFT, 25, 2,   12.165, 1379.144,  353.061
turboFFT, 25, 3,   24.353, 1377.830,  352.724
